136 ΑΡΡΕΝΒΙΟΕ

11111111111111111 111111111 111111 111 1111111111 quelche 11111
11 111111111111 11111 Terra, 1111 1111 che 11 1111111111 111111-
1111111111 111111111111 11 1111111111 1111111 11111 1111111
1111,111111111111111111 11111, 111111 111 1111111 11111 11·
1111 pure, 1111’111111111111111111111111111 11111, 1 1111111111
1111111111111111111, 1 1111111111111111111 111111 persuadere 1111
che 111111.

1111111 1111 1 11111111111111111, ohe 1111111111 1111111 1111111
1 1111111 11 111111 1111111111111 mi 1111111 persua 1111111111
11111 111111 111 mio 11111111 11 11111 11111 11111111 11 1111136

’ 111 111111111111111 quivi alcuni giomi: 1 1111111111 1111 111111

111 debito della 11111 1 111 111 1111111811111111111, 11111 V. S. Ι.
1111111111 quel 1111111111 in 111 1111. La 1111111, ebe 11111111
1111111111 1111111 1111111111, ed 1111 11 11111111 1 11111111.
111111111111111 V. S. 1. bacio 11 mani.

111111, 15 111111 1615

1111111111 questa 11111111 11 mio 111111111111111811511
1111 1111111111111 1111111111 11 111111 1111111111 11 V. S. 1111
1111111111 11 passure, per 1’ 11111111 111111111 11 111111 11111111 ’11
11111111 11 111111 1111 111111 11 quella 111 S. 0111111,111111111-
1111 insieme 11111 1111111111 111 quelle 1111 11111111 1111111111
1111111. 111 11 S. S. mi 1111111111 1’ aver 11111 1111111111 111·
111 11111111ιὶ111 111 onor 11 S. 1., 111 11111 11111111111111
111111111111 meno di non 11 11111111ροί 11 S. 0111111, 111111
111111111111111, perche 1111 1 11 111111, 1 111 1111111111
meno. 11 11 11111111 11 1111111111118111111811 11111 111111
111111111111111111111 imposta 1 S. A. 111 11111111111 unche
11 111111; 111 mi 11 11111111 11 credere 1111 111 si 11111 11111
meno. 11 111111 1 11111111111, che 1111 111 11111, 11 poca 11·
1111, 111111111111 111111111111 1 11111111111 1111111111 111-
1111111111111111111111111; 111 111 1111111 nuovo di 1111111
11 somma 1111111 11 [1111111111 11111;11111 11111 111 1111111
1111111 11 queste materie, 11111111 1 11111111111111111111·
1111111111,11111181111111181111,11111 11 meglio di 111111
1111111111111111 111111111; 1 che Dio 11111 111111111111

111 Vale 1111111111111.

 

