422 APPENDICE

zio, e 11 aver 1100111111 001 congregazione 111 1001001 0 1111110
0111000 versate 10 11110110 1010011, 0111101111011 010010, 01111
pamla per 011011 vanno 01110110 ogni 01100111, 00111111 11 1111-
1111 (1011001100111111 materia 111011 0010110 0111111111110101,

1010110110 1 11010111 1101101011111 10011111 111 1010111011010011.
101 101 111111, che 10 1111111111 001 0111100 1111111000 8010011100,
011111 1101111111 111 00110111 10 01111010 010110, 011011 1011111110
1111110110 000 1001011111 0001 0011, 01111 S. Α. 000 01 1’ 11000001, 0
11111 adagim e non 1010 1111010010 11 aegroto 111 0011 1111 101
01011 110110, 011 1010011111) 111 1100111001110, 1110 1110000011101111
as. 1.,100100000110 111101 100110 01110 001 01011011οι0 1100016111·
101 ogni 01110111, 0010111 gli 111 11110 00001111000010111 001111,
11100 ne 110 1010101111 11 01010 0111 0000100011οω 110110 S. 10·
0011111000 10100 1101010, 010100010011100101111001110 111111111
00010, 0110 1 qualche 0011; 1110110 01111 meglio 10101101 100 101,
111 quel 0110 egli 0100011010 ha 01110 000 1.8.,0110 1111 10011111.
1101110100000 001 mula 1110100110οο, 0 001010 11 1101 000 01111
esser 000010 10110 1011011001010001110110001 1101111111 o v. s l!-
101111111011 001) considerare con 0110 gusto io 010 00 101011 11 1111
1100111101.

111011111010 1100 1000111 0111110 1 11010101111101110 1101 S. 11-
11110, 0 11000111101011 0100111 10111 10101110111 1011011 111 V. s. 11
101111111011, 0 11000 11000110 000110 00101110 1 010001110 111111 101
1100111010, 00 11111111010110110 buono 10111010 0111 11110,0 01111·
001111000ῑο che 01111010 0110 000111011111101101111011001110101
1111011 111110, ma 111 1011000010 ed 0101101111 1011011010 1100010011,
0110 veramente stanno 10010; 0 0110 01 111110 00101010011100010
0101111111 senza 1111010011011 ordini, 1111101 101111011111110 qual·
1110 0011 10 11101111 011 0110 1011101101 1001001111 101111 1111110,
00111111 11011 00110 10 100 1011110110 001 questo conto, 0 1011110
1110 meglio 0110 11010110010. Si 110010 1111 000 110 11111 1111011
11 101101 1101Ιο 0100111 1011011 01110001111011, 0100011111111111011·
110001010111111111110101111 111 011011010 110 111 11110110 0111111110, 0
che non vada concatenata 101 101101111100011, 0 0110111100 000 001-
111000111 001110 001011001010.

10 quanto 1 010, 10 110 1 111111 v. s. 11101111111100111010 11011-
101010. 010110 che sia necessario 010111000110 negotio 10011110
10011, 0 110111110 010110110 000 1111011111 0 001 110001 cardinale
barberino, 0110 001 1101 100ᾱο111001 0010111 00011 S. S. 10101011, 11
0010 1 10011111, 0111111010 quando 11 1001 00011111110 0 01101011111

 

