24 LETTERE ennelino

1111110 11110111 1110001100, 0 presto 1001001111οᾶ 011011-
11111 (1). ’
’11 comparer per queste 111110110,0010011101110601-

010010, 0101010110 ’101 10110 Fra Tornnreso Cnnrpeneiia
011110 11 1001010110 ’1011110101 10 (1001101011 1101100101- 0
00111000 10110 001111010 1 10110 011011 11 100101011111 Con-
11010110001011’101100,01101110111110 11 (1011010100. 1011011οκ1
superiori non 111000 101010 0110 01 10010 0 01101011011111100-
11000110001 001011 01 0000 0011111 11 (100010 000011000 per
110001010 00011011 101 10 00100010 1001110111 11101010 010-
1011110, 110 000 01000000 110101101101001101 011100101011
00010 0 10 1111010110υο 11 1810 1100000010 11’ 0001 oo—
eiumi, e i'obbedienzn 10010011001010000 ene 0110 110100011010
00101110 11 11101110 11100101010110111001101011000,[10100000
’οΙ 01οο1010010 010 10000 010010; 1101100111 000 110000010-
1010 0110 000 10111110 0 superare 10110001 11000101101010·
11010 1011010110 1000101001 000110 11 8010101 iorni 010110-
101110010,011010 101111010110,1101001010111 010110111101011000
11 V. S. 01101101 00110 100010 10110 chiesa, 010011 111 000111
10110 congregazione, 010 approvato 10 000 1011110110 01 100-
010 0111110000 0110 001111 1100010110, eh· 0110 011000, 11000111
’ 001 (10110110 Romano 1100110111 10 00111110011110 1011101011
1100010000 0111110110 00110 10101101111101101011001 10110 000110
0’11010101111οο1111 00110 0010010, 0 000 10010 01011000 „
0010010 11 1010001110 1110001011,0110 10011 11110101110 000
01 11010 veriti 010001, 000 00010 1110010100 derisione 11
0111001100 0111000 0011010101 001110 11 11010 0011110 10110010-
1111. Non 0010010, 1100, queste 00010001001010110010 00010010

(i) Le 11111111 1101011000 non 011110 11010. Solo 1001110001 1010100010
i'Eizeriro 11000010 00010110 nn' edizione 11110011 10110 10 opere 1111011100,
11 000110 11101010, tenendo 1101101111 00110 001 11110 11100111 per 11010110
1001111 1000110101 110100 1011110101ιί, 1001 101 1001011100 1101111010 10 1011110
10010 11 80111010111101010 1 1101101110110 nocere soron· e dei Goiieppr'onii,
101101011010011111 diffnsrmenie 0 100 10010.

 

