360 LETTERE Α ummo

dana (10010, 0111101οῑ0 1010, 000 000 1111111110 111 10010, 0110
111011010101010011 11111 110110 0110 01 01011010101100011 0001-
01000,01001011010011010001101111 110110 10010 10000 00
0001010 111 V. S.

ε Tum 1101 1010011110 0110100 11000, 0 00110010οῑ0 001
1100000110 110010 10 01001 0 V. S. 0 10111010 10110111.

..q-⁶05..-

11. 1111111181110 ’

110 11101110, 1111111100 1633 1 1

(Α Roma)

1010110οο della 1100110 conclusione, della (111010 (10111011 111010 100110
10010,11Ιί (11000110, 01111001 0110111111, pub 1010110000 0 1110000 seua
1111111010, 00000110 quasi 1110110 00011010 11 1001110.

Le 1101110 visilano V. S. troppo 0110000, 01110100 100-

010 00000 110110 0001111 di 0010011 1101, 0 00111 110111 10010101
111 V. S. 11 1010011100 presto, 11010111 11 000111 000 10 gu·
01010000 10010.

. . Mi sono 100110 1011011110 001 0001110 (1011010110101101
01100110111100101010,011011. S. 01001010 0111111010 0 110101
110000111010 per 0010011 11011101, 0 godo 1101 1011010010 0110
0110 010111 avuto 0 Casto! 60010110(2).1101101110100 di sen·
111010 0110111110υο 110110 000 00000, 001 000 1100011100010,
000111101111111110000110 1101 111110, (101 quale 00 00 11011110
0100101111 1111111100 01001110 01100 10 Francia 01 0010010
1101 011001 cardinale di 1110ὴο11000 10 11 100010 legare 00-
1111100010, 0 11000 000110 01110010 1000111010.

(11 MSS. (101.. Par. 1, Τ. 111, 0010110101 011111 1101 10111001, Τ. 11, pag. ¹25.
(1) (10111οο 10 1 (110101 1100110110 1101 1010 000 110001 110000111010 01110111,
11000110 per 1011110 1011011101ιο 000 gli 010 00000110 1· 11111110 0110 10 00110111
mezzo 0011110, 00010 abbiamo dalle 1011010 1101 010οο1101. Aa ogni 100110 011

11111111 (11111 101101101101101101011011010000010 0001111110 verso 110 inquisito
0 .. 1110.

 

