't

444 nerniioice

114 4111141411 4144411411ουί s'era in 1144414 eausa 4411111414 14. S..
14 quale 41 1144111414 41 14444144 44 44 41444414441414114414,141-
1414414411414444 14141444111411 4414414. 441 14111144, 4114 non 44-
41111414 4114 S. Α. 41 1111414444 questa 111114,11414114 414141411414
14411411 4141 41111114 41 411441 1141114414 11144144 4114111414, 4114
peria 41 144144 serenissimo: 44 4114144414 4114 cansa 444 41114114

141 41 44114 41444 1114111114 114411411141444, 11414114 4 41144444 oon·
traria 4114 34414 541111414 4411414 ex oro Dei: 4 quanio 4114 4114
persone 4411411114 4111 1141 4141441144 4444444 11441114114144411141
14111444 1141 1441444144114,1141 4141 4441141144414 41114141414114
1411414 114 44114444 1616; 44 4114 4444 4414 1444114414 14 44414444
41 1114414 41 114414, 4 11411414 4444 quei 4114 41 114444 1414 1141
44444 4414 4 per 44444 4411114114, 11414114 senza 14414114 41444114·
11444 1141444414 444 44 1144 444114. 14 141441 411414 antegerio 41
411414 441144414 4 usar 44114 444 441114111414 14144 1414 11414 41
’111 4441 41 questo 11444 vecchio, 41414444441414444 4144411141414
141 44444114 41 414441 444 444 41 114114 14141 4144441444 14 1444-
1414 4144114 14 qualche 44414414, 4444 14 8441441444, 1141 qualche
tempo: 414 4114 444 4411414 11444 per 444414 (1441 4114 fusse 114111
solvere 14 congregazione, 14 quale 14114 4411444414 4 nemine 414414·
114414 4441414414 14 questo 44444 441 114411411ιί444. Bon 4141414
4114 S. S. 1441 4114 4141441411,114114111111144414111,4444141 1111111414
4141 11444 14 grazia 441 serenissimo Gran 11444 44411411441444ς1141-
4114 per 144414 1414414414, 4 444 1141 41114, se 111 444 14114 444111
14141144 14114 141441111411444111141. 14 444 114 11141114 41114 114414 41
44444144 4114414411144, 411414 pressiora spodizione 44114 causae
14 111414111444441111114, 44 44114 pena 1141444414 non 111444 114 44114
4144141141 4411 4411114114 441 411111 4141 cosa 14 44 istesso temam
4114141111 444114 S. 41. mi 114 41414414 41 444 111444 444141114 1141
nnn 14 1141411141444414, 4 11414114 14144 44144141141441114114114414
4114141 14 cose: 4444 41144141 444114 4 proposito 4114 41 44414 444

1114114 14444 41114414 eos’aicuna. Che 4 quei 444 114444 siguificare
4 1. S. 1., 4114 11441414 1414141114.

Romo, 26 61111114 1655

ΙΙ signer Galiiei 14 4414111414 144441 sere 41 S. Uiiizio‚ 414 41
114414114411441 4411144 conforme ass'ordine, 1141 4441114 qual 444
1141444414 4441441414 44 141, 44 essendo 41414 11144414, 14 44444114
1441441441 4114 44144114 414411 41114114411 cardinali 41141411 44114

 

