52 3333333 a 3331333

1111331333333313 13 conformo 3331133133 11131313 3331113
13 31111, 3133 3 13 N. S. 3 131111133131331313313333 cardinale
1133133131, 3 13 333311 31131 3133331 3331 313131,·,3133 sono 13
33333333333,31131 333311313 333 1331133133 ed 13 311 V. S.
non ha bisogno 131 mio testimonio. 11331133113313-13·
31133313 131 Ρ3133 1133331 333333,3331333 333 3333 131133
intrinseca 33131313, 333 33 13113 13 333313311 313 Sua 1113·
3333333 31 prometto 13313, che gli 333311 3333113313 3331-
13133313. 1131331313, 3 13333 1 31313 motivo 131 113133 ’133-
quinio (1), 11 311333333133333, ma ho 31333313 liberamento
313333 33 voglio 133 altro: 33133311 333 13 333333333
331313, 333 ho 13313 333133311 3333333 13 333 313131313, 3113
13131313 andare a 1333333 31 (13113313, come mi 331333 333-
3331333 11 Ρ. Tarquinio. Quanto 31 31333313333311333111- ·
1113 11 3313313 1333, 3 3331 33 13113313 3313313 13 31333313
31 5333131333 11 V. S.; 333 1ο 33313 3113311 133331 33133-
11331 3113 33333 33131313 13 333133331 333 333313113 31113·
13313; 3313, anche per questo 3333, 331 333 31331311 111313 -
11 33333311333313 mendicata 1333131133111.

11133311333811311331 331 133 13113 333 apologia in 11-
1333 1331333311, 3131 1333 33313 da' notati 3 13111 31331-
3333 13 V. S.. 1113313313 che 333 31333 333331, 333 1’ 333
33313 33333313 (2). 03311 31333 311 331, quali gli altri, 13 333
13 so: ma domani 33131 3 3131133311 313333 1133 virginio.
3 3333313331 11 3333311, 33311 33333333 333333313113331
3331 131 13113 81131331, 3113 13 stampato 33 13311311 13333
1333133133313313333 33333113 3333333333, 3 311 31131 11 133313
3333333, 33313313313 3133 31333 male 333331111131131 qao!
3113 m' 3333333 3 331 331 3133311331, como& 3333131111. 5., 3

(1) (13113331, 1333113.

(1) 11333. Tommaao Sligliani 11 11313331311331113313. 33313333 prateae
11 3333333133 331 1133131, {a 11 33333113131311331331331318333131333. Venas!
13 nota relativa a 333313 333 salica a 333. 339 131 a? Vol. 13113 33333313 311·

31333, 333313313331313 1133 31 8333111333, 1333 31 ha 333 33333 3333113313
13113 333 3133133313 333333ιί333.

 

