72 , LETTERE A mitono

33331331 333 13113113 13311331313 31333313 13113 3113113
mi 3333133311), desiderando 333133 131331333 13 3331333 11 ,
3333, 3 como 313 333313 31 33333311313 333313 tempo. si- .
3311333313 3333113313 13331331 133333 131 13333 e 31113333
3333 1333333313 ammirando, 3 1313 3133 13 331133111 31333- ³
31111311).

113 3331113 331 333 gusto 1331133 131 313333 (13113331,
3 1133 31133113 3113 3133333 [1133133333 mio, 13 quoio 13 331-
133313 1 331311 333 ogni maggior 3113113, 3 331 1333333133331
33 13 mo 313 133333313 11 133333 313· 3113 vongo 31331133331
qua 333 animo 331313 3133333 333 33 pojo 11 mesi, 3113 33
131 33333313313 333113 33133311 ο33333331331,3133 333331333-
33333 11 33313 331313113 (3).

,13313331 3333113113 33113 3133333131133333 1133313333,
3133 333 dovr& tardor 313113, 3331131133 333313333311
333313333311311131131 negozi 13113 1333333313 33131
13313 33333331133313113 che 333113 Romo, 3133 3331333313,
3313131 11 voglio procurormi, 33 o possibile, un poco di 33·
quio 13 13313 3333133113 11 333331 domestici, 313331333οωί
13331333 quietare, 31 311331333 agii 31311331. V. S. mi 1333-
31333 3333313331, 3 31313333331 33113 3333313 3331333113·
3311331333,13111 3331 siud] 3 3313333131331 131331311 13113
cuore 133313 333 131113 33113 3 115.1313331,13313333-33131·
gnor 81311311, 31331 qui 33333, 3 13 33333 13 Ν. S. Dio ogni
33313313333.

ἰ

1

1111313313 13 31333313 3111333311. ⁶

11) 131 131331331 13 questo 33333, 313313 331333 1133 131 1113133131 dei
11333113181313331 333 33333333 133 (131113313113 31 33133113,33331133333333
3 poco 33313113 131 333333113 1’ 1113313333 13 333 133313 131 113333 3 riflum.
ch'egii 31133333 1133313313 131 moto 13113 Terra. Cio stesso 11311333 Go-
11133 31 11333111 33113 333 1311333 1317 Decembre 11 333313331311333 3333,

, 313 3313333133 333 luogo.

(11033313 nuova gito di 11311133, 313 3 Romo 313 31 13333333313 331-
13313, 3133 33131333 333333 31313 13131333133113111331331 mezzo ‘¹⁰¹ Gnidum·
oon obbo 1333331131333311. “

...ψ-

 

