¹ iii LETTERE Α emmo

0110 0011000 01010110 da 11 01011 Principe 10000 0001110 110 0001 0011·
colodi 0011100110110010110110. 11 000010 10 1100 00100 10110 0011 10
permissione 110110 0100100, 0110 00111 000 101 10000, 11111 0010100010
000 0111001110 0110011 0001011110 0110 100010 0110011 00 11010 001
0111100111 Ν. S„ vadendo 0011111 01000110. severtii 10 premium
00010 01 0110010100 11 11001101 111110. 1001110001000111110001010 101
110110, 0111010 1011100010 insieme 111 0001 0001000101’00010;- 0 000
00100110 0001100 1111100111 00010001100100110011010011Ὶο001011010
0001100010011 000110 0110 01 i 0010000000010,000100011010101110
011001 010 0111010010, 10 11111 00110100 0100111010 1100100001010110
0111 111110 0011110 0000110111 1010 00110001101000 1010 1100 01001 01
signor 11011101 0 100010 110000 01111 mia 00110010, 01110 1010 1011011
10111ῠί10 011 0001 01101010 00000 110 11 11111001.

110 1110001 0000 01010011 V. 11. 111 00110, 0110 001000 1101010
01110 0011010 01 questa 0101101, 01 110 0001111011, 01 010011101001011,
110 110011 0001111, salvo 011 amici 000001 1101010000 6011101 0 01101,
ni pensi 0110 ci 110 0001101101011010011, 0110 001 1010 1100 01 1.
V. Ε. 00111001 10 1011100011 110110 11000110, 0 0100110 000 ogni 1100

10010 10 bacio 10 10001, 101 0011001111 10 00110010 001 000010 11000
11110 dal 0010110 sar (11 01010000.

11 1100011110 111’1110010110011 01 0101111111
Da 1101110, 21 1100010 11131 (1)

11100ιο 011* inquisitore, 000 1110001011 01111ω1111110001010,001010 110
1110111οῐ1110 110110 proadem nii'Amimeinore.

11 1101101 (1011101 001100 (11 0101001110 00011 000000 0001110110 gii
00000 11 111010 111 1111011 0110111011 1110110, 0010 00010 01000100 010
110111101ου10 1101 01010100 (0001010000 secondo 10 ubilai (10110 Tem,
0 0101011110 (1000001010 11010011110001011100011010100010011000111
1011010 000 000110 0001110110, 00110101001010 0100000101010010 000
questa 01111111. 1100110 qun 0 110010 0 101 0011010 100010, 0110 1010
nie 101100011110, 010010001ιὶ 011 accomodat-enti. 0110 00100000 100

cisi, 0 11001101101 11000010 10111010 1100100011οκ 00110 0100100. Non
0010000010111101 001 01101011110111111 1101Ιο 1110010, 0 001 10 00110010 110
gii originali desiderando i’ autore 111 ultimate 00011 11 negotio,

11) 111110 110 Montium« 11011110 1101101 110110 1110 0000110011 morio
,11011000111101111010100 11 1100010011 (10111001110100 11111) 000. m.

 

