111110 inni 113

nini, 1010110 mi 00110000,.00010-11 0000000, 0110 000001 01-
ronse immortalmenie, 00010 00 ohe 10 10010 0001011οο 000-

0111101010 desiderio. Non 00010 0110 11010οω011000 000 (0001-
0110 100100 11000100010 00000 100000 0100010000 011· 10 10000
(11 101,10’-0001 1000111 0 10110 01000010 00010010 0101101010
1110011001οωί, 010 pin 10010101 000 0010010 1010011110, 000
101 0000000010 0111 000000111 0110 11 0010100110 0110 quanio 01
010010οΙ0 00010000 1011011110 0000001110οἰ, 00 10 10 0010001
1000, 10 10001 0111 010 0010011000(1101·000000110001011100-
venio, e 1’ attendere 0 110100 11 00010 deii’opern min di Goo-
1001010,10 0110 non possa 1011000000 100100 000 10000οἱ1000
qualche 0000 0 (000101011010.

110 gii 1011000 libro 101 (1100010 01 1111001, un 01100
10110 10000010, 0 quoni 11011000 00 0110010111000110100101
801111, che 10 queste ne 100000ος 00010 01110 registri iii·
bri 1011010000011100101010010110110,0110 000000 010000 10
confuso, 0110 poi 0001 i' 00000 110110 01000010 0 1110000 non
ii posso 11001100 00 000 0110 110 011000οί0 010110 01100 0000
101801111,011“101100 01001001 0 V.S.,e 101 pinni, 0 101
(1000 comprendente ii conoide 1000101100, cion 0110 000-
portione 0111110 0110110 0 questo. Simiimonie, inito 00 000οΙ-
10100001010 00000 10 insedi nnn 10110 10001010, 0 0001001
0000110, 0 1010000 01 1001001100 ense 000 10 0000010 0011001,
01ιο 0111110 11 1010 0000010 0110 11000, 0110 010 00011000 10110
0011100000ιο 1000110100 10110 010010000 10110 00001101000010010
1010000101 10110 0000; che proportione 0111110 1101110100οε-
000010 101 00001101000001010 01 00010 11 101, 10101110 000110
1100 000100000ιί (1000111 1000101101. 1001010010, 01100010 10
10110 figura, 0101 11 00001101000010010 0 0000010 seniori, 010·
0001110 10 01100 100, 0110 010111001ου0 000000010 00010001ος ’
01000000011000 0111110 1111110100 011 10110 01 00010, 100011
10 101 1 100 pii 10111 0000011 0000111 1000101101, 0 0000 11
801110 00000010 1011001100 100, 0110 si ehinmon 000 que· >

010 00010οι10, 0 1110110 01100 0000 0101111. 110 0000 100001010
6111100 11101001 - Τ. ix. 15

 

