, 288 LEH'ERE Α sanioso

1133333311331313 13331 3331, 3 133 31131 33333 3313133111-
11313 13 me 3313 33113 13 disciplina dei 1313111333111. Sono
3131311 primo, 3113 13 3333131 Pedio 31111313, 3 31133 13
Roma, 113 31311313 31133113311331313313 3 333111133313313 3133
31 33333313 313333 11 111133 11 V. S„ eon (3331 33313 3113113
31 331 imaginare 3113 311111333313 3333113311 333313 33331
bene 333113313111113 13 geometria, 3 31311313 13133333, 3 31313
quasi 3331 3333 131 linono, 131 11331333 3 131 11331331331333,
finalmente 3133133 3133131313113 1113113 3333333313 31 Copor-
1113331333 11 professione 311 33113 3311131313.

1113133 (1313131333333,3113 1 1113113 3113, 33313333 3113
11 111133 11 V. S. 311 113 1313 33313 3333113311113, 3 3113 31 3333
133113113113 3333, manino 133131333 333 13 1313, 3 33 11334
3333 3113 313, 333 131131 333 3333113133 Soheiner qnando
311333 113 3331313 1113 131313 333113313 13 133133 1133 3333
che 31 stranea 331 13333313 333 13 31311311333331331. 13 311
(13331333 13 3131331133 sensae 111333 3113 V. S. in 3111 133111
331313333313.1·“11131313313 1133 ohe V. S. si 1333131331313
333 13133311 333331 3331333.

1131 3331313 mi siimo 133133311331313 13 questo (133333
331313 un secolo, 331 33313 113 331313 3333333333 31333133
331 1311333 33 (1311133, 31311 33 333331313113 331333, 3333·
narmi 13113 3313333333 ‹i'un (1131113311311331113333311331313
3133333, 3333333 11 (1333313113 3 33 313331 13 penna, o 13
lingna, 3 11333333. ivri 333313 prima ii Ρ3133 aevaeo·
dissime 13 3331331133 11 V. S. 3 13 3133331331. 1313313 Η
311133113333, 11333111 133113, 133333 331 3331333 (1833331

3331, 3 de’segnaoi 131 333ο; ohe gii 33313111313311333-
(331133131333113333 o 333 1311333, (3331133311 11133 vnio
3113313 333 1313. ii 33311333 V. S. 1113313333 3331 313113
(13333113.

 

