APPENDICE 171

1100000001 01010 con 00000110 (1011101000 01001110000010 intimato 010
0001000000ιο (1000001 1000100 10 10100 00101000, 010 11 Sole 010 000100
(101 110010 ets immobile. 0 010 10 Terra 000 010 000100 0 010 01
(00000, 0 010 000 0010001 100000, (1110011000, 001000000οο 10 qual·
01000110 modo, 0010 0000 00 10 0001110, 10 (10110 10100 (10110100; 0
(1000 10000001 01010 notificato, 010 (10110 (10110100 0 000100010οΙΙο
80000100111000, 10 0001110 0 (1010 0110 stampe 00 11100, 001 00010
100110 11010000 (10110100 011 (1000010, 0 0000010 0001001 000 100110
01100010 0 favor (10000, senza apportat alcuna 0010ιί000, sono 01010
0101110010 100ωο000000 00000110 (1000010, 0100 (10100 100010 0 000
(1010, 010 11 Sole 010 000100 (101 1100010011 1010001110, 0010 1010000
000 010 centro 0 si 000000.

10010010 volendo io 100000 (10110 000011 (101111ιο10000 1100100,
0 d' ogni 101101 cristiano 000010 0001110010 0000111000 contrudi me
0001000001000010 0000000010, 000 00000 0100000010110 00011010
abjuro, (00101100 0 detesto 11 00110111 00000101 000010, 0 general·
000010 ogni 0 000100000 01100 000000 0 00110000100010 011000110110
santa chiesa. ss 01000 010 000 1001000100 000 (1100 mai 0110000
serito 10 voce od 10 0001110 0000 1011, 000 10 quali 01 possa 0000111
00010110000101000; 0 00 conoscetis alcun 0001100, 0 010 sia 00000110
d' 000010, 10 (1000001001 0 questo santo 011010, 000000 0111000101·
1000 0 Ordinatio del luogo 000011 1000001. (11000 0000 0 00000110
(11 01000οἰ00 od osservnro 101100000ου10 10110 10 000110000, 010 mi
0000 01010 0 mi 0000000 (10 questo 5001011010 imposte. 11000
1000000001010 ad 010000 delle (10110 mie 00000000, 00010010 0 010-
0000011 1110101110 000 voglio), mi 0011000000 0 10110 10 0000 0
00011011 010 0000 (101 800010000010 aure Cosmuzionl generali 0
000ίί001001 000100 0101111011000001110100010 0 0000010010100110
mi 01011 0 000011 suoi Santi 10000011, 010 10000 000 10 proprie
10001. 10 (1011100 (1011101000001011010 abjurato, giurato 0 00000000,
0 mi 0000 01110010 come sopra: 011 10 1010 (1οΙ vero, (11 0000010
00100000 10 0011000τί110 10 00000010 001010 (11 mla 0110000000, 0
00011010 (11 000010 10 000010. 10 Roma 001 (100000101011011100000
questo (1111 1110000 1633.

10 (1011100 (1011101 10 abjurato come sopra, mano 0000010.

 

