164 1111111111οΕ

0 001011 11101 1111 10 111011ς111 100011111111010111001
0 1001111111 1111001110 11111 prudenza ‹ie’ 100111011, 11111
0 10 me ogni 1111101111, 1 11001,1101011111000,01111111-
0 1111111 indubitata i' opinione 11 10101110, 0101 1111111·
0 111110111 Terra e 1100111111111 8011011111110011 001
11110 0000110 011 11 0111001011, 010 110111 100011 111000
indicato 11111 egli 1001111 11 10111 00101011, avendo 11101-
011011 11110101 11110011111001111101 iibere veritatem 11
10111111 11 sogum rispoee: « (1111111101111111101111111000
0 gii 0011111110, 001 101 1000 100110 011011 10 1100111111
0 1· 00101011 (100111101011 111 1011111111 elimando 11 111
0 10011110 comune 10 110111111 11 regioni 1110111111 11110-
0 00101001,010 011 1011 0 011 111111 01110 11 possano
» 01010110110100101011111 111 1110111110 00110 01000111
0 01 000111, 01 000111 00101011 01 000111, 11111110 1011111
0 concludere 1111011111111011010, 1 011001011011010111111
0 000 sicurezza 11 1011111 110011011 111110111111011101011
0 pii sublimi 10111110, 11010110 10 100111 0 01011111001111
0 1110111110οο 1011111111101111 11 1111. (10001010100011,
0 11011011 100 1011111110 01 111111111111111010,1000

0 11 11101111111101010111100111011, 11111111100101001 0.
’ iiia deitogii 1111011 111 100101111011110, 1 11111 regioni

111011111 011 10. 01110 1101111111, 0101 110 11 Terra si
110011, 1 011 11 Sole 10111 immobile, 11 0111010111 ch' 1011
11001110 1· 00111001 11 1100110100, 0 110111011101111100111
0011110 011111 10 11111 1111111001, 00101111 1110111 11101-
1011111 11 111111, 11111101οῑ1 1101011101 100110 ipsum 0110·
0011010111 11 10111000011000, 111001111 nuovo: « 10 001
0 lengo, 01 iio 110010 001111 001010101111100111110 1000
0 010 mi 10 intimato 100 01111110 01101011111 1110111111
0 111 11110 sonoque 01110 1010101101, mociano 001110 010 101
0 piace. loson 001 001 111 10111110011, 001 10 111011000-
» 110 00101001 1000 11 10111011111010 11111, 10111 1010110 0.
Cosi 10101101 001110 00111010, 010 101011110010101001110.

 

