ANNO isse 135

1131111313 11 331113 3113113 331 (13313 311 131311333 3311131131311
3313333313 133333 331313 333 31 131131333331133111 nostro
11333133 33333333 3 333 me 3311133131313313.111 3113 3133113
1313313 333113 1113331331 313113 3113 1333 3 33333, 3 le ri·
3133313 Dio benedetto 3331 maggior comentem 3 131133
333131133313 11 quelli sludj ed opere, 3113 13313 3333333 33331
11 13331313331333313313, 333 3313 e noi, 313 3333 31 pub-
111113111111313113 viventi e posieri3 333 1333 13331313 11
3331333313 333113 3113 3333333 3 313333113 331 3333333133
13113333313 questo 1313313 3 133113113. E per 13333 333111
311331331313313 1333 31333113 11 133 3333; 3111113,111333133
13 33313 33313331311333 3 pensiero, 3113 13 333131333113
1113113 13 3333111 111133 3 3313, 3 333313 333 1113113 333313
131133 13333 3331333111331, 13 31313 3113 33333 3331311333-
311311 3313331113133313 3113313 3 3313313133131 333331311
313333131 3313 331 questo 1333133 1333 333 33313 313333 31-
1331 11 331111113 11 1133131 3 31313331 3113 1111311313 333 po-
11333 essere 3113 331 mare istesso, 13 13333311 13313 113333
3113333133313 11 313113 313133 13 questo, perche 131131111113
111333313313.

Circe 311 31311 331, 13 33313 3113 31333333 3333333133113
11333 3113 V. S. 1 1333 11 3133113, 3 3113 3331 3111113313 a
11333313113 313333 331333 13 31333313, 33313 si dioecesi
313333. 11331113311113 13 333113113, 3113 131 311 (1133 3331 13113.
1113 3311111333 13 levassem ii 131333 per 131133 3331111133
(33331311, 11 333131133313 (13113 quali 1 131113 3131113313 31
33331131133 33113 333311133 (13113 3333 3 3131113311 331331311331,
3313331313 13113 331313 11 13111 1 (3311133331313133313
3331311 13111 331133113113, 3 3333133113 11333313 3333113113

313331113331311113,311331333313 311333 13113, 31 1 benc ’

3333333 13 31333113, 3331 mi potrebbe pur bene 1333313 por-
131313113333313, 3113 131133333 e’ 33331 11 V. 8., 3 131 333
333333 3 1113113131 3111 31 tempo 31 131133. 11313333 333333
111 11333133311113313311 3 31131 33131131 e 131131311, 3113

 

