ΑΝΝΟ 1621

1101181οΜ1 emron

Da 111111, 11 8111111111 1621 (1)

(Α 11111111)

11111 11111111 1111111111 in 11111 (11 Rom, 1 11 111111111111111111 11
1111111111 81111.

(111 occasione di accompagnar 11111111, 11111111-
11111111 111111111 1 V. 8. 1111111 111 111111, 11111111
1111111111111111111111111111, 111 11111 11111111 111
11111.11111111111111111111 111111 (111111 (11111- ’
1111111 111111111111111 1111111111111111 signore, 11 1111111
1111111111,1111111ὸ 11 150 1111111 11111111, 1 111111 111-
11111 11111 111 1111 intorno 111) 11 11 111111111111
8111111111, 1 1111111 principio 11111111111111 11 111111 11(-
torno 1 111) 11 11111111, (11111111 1111111111111111 mann
siche 11 11111 questo 1111 11111111111111 1111111 ν111-
11111111 1111111 1 10111111 d' 1111111, 1111111111111111
1111111111 11111 molto 111111111111. 11111111 111111111-

111111111111111111111 11111 benignu& 11 N. S. e 111 signat ·

(11111111 1111111, sono eccessive (3). So 1111 V. S. 11111111
ogni 1111 progresso, e per 111 111 11111111 1111111111 111
x 11111111 1111111111111111 11 11111,1111111111 111111 111111
11111 1111111111111111 mirabile 11111 comete.

(1)11111111.- MSS. Gal„ 111. 1, Τ. 1, 1111111111

11) 111 5111111111 (111 111111.

(111111 11111 tempo 1111111111 11111111 (11 1111111 1111111111111
11111, 11111111111111111111111, qula 1111111 111 Gregorio 111111111-
1111111111111111011111111,1111 111111 11 1111111111 11 111111 11 prim
11111111111111111111111 apponam 11 111111111111111. 11 111111 11111 (11.
111111 11 11111111 1111111111 11 1111111111 1111111111 111111 111 11111 111·
1 111111 non men 1111111, che 11111111111 supremo. 1

«O—

 

