ΑΝΝΟ 11115

1111811111 nusum

’ oa 222222, 22 iprae 2222 (22

(Α 11222221

lo 2122222212 12222222212 22112 2222212211122 2222121222 221 1122221.

12 222221 22122 22222 12 22212122 eloquenza 21 111222222-
mio, 22212 2122 (12222212222, 11 22212, 22222 211221222 (12112
(1212222122 221 discorso 221 22212 22112 12222, 2221222 2222221
222221 11 Solo 2122222 12 12112, 2 2221 222222222112 2212222

2 12222, 211222222 2112 21211112 22212 21 quello 221 mezzo 221 .

21212, 2222122 22222221 22222 22212222212 22221222 21212222-

21222 11 2212 212222 (1211122; 222 22211211 2112212 2112112 12 ·

2222 21 22 furore 2221122, 22222221 2112 2 222 2122221122 222-
, 122221122,1222212 ὁ 11212222212222212 22221211221222, 2122 nu-
22222212 io 22222 222 12 22222212 2 V. S. E. 22112222221-
222212 221212222 Principe (1221 2211· 2222221 22221112 21 22212
22’ 2122221 1112221221 mezzo di iei3 dei quale 22222, come
22 22222 222212 2 Sua 11222112222, 2221 2222 222212 2 122
2’(122222221,22222221212222122121212 2212 22’ nomi 2
22· 1222121, 222 12 abbia 22 12212122222 12 221212112221221-
12212 2222112211 22112 21 121 222122121222122221122221222212, ’
2 21 quello 21112 222222, 2 22 2121 21222222 1222112, 222
essendo questa parte 1222212 22112 12221,212211.8.11. 2112-
2122222222221221222 di Sua 11222112222. ·

Dei Padre 11. 1122222112 211222 2ο 222122121122,2212121“2
22211212221222212 221 222111 22 222222 1212222 22112 12
222 2222222221222 222 222221222 22112212112 22222212 22112
acque 122 1 signori (1212222212 122222221. Spero 2122 122 2222
22222 222222 211212222 222 1122212222 (1222121 222 2222222,

(1) 12222112. - MSS. (121, Pur. Vi, T. 111, 221222212.
(12222222 (1222222 - T. 111. 11

 

