34 mmm 1111111110

111010 1011111111 1100111 quelle, 1111 0111000101111111011-
100111010 11111011 1 111 1111100111. Per 000 111011111·

1111111100οο 1111 1111, 11101101011 1111100110101110111100
001 8001 1101001111 e 11111111 camera.

*-

LA mssa

1101 convento 11 S. Moneo 1011111111, 17 ,100110 111311)
[Α 111101001110)

1111 1101011 che 111 01111110, gli 11 01111 insieme 10111 1011111 011 11111110
10 10110 0110111010 111 punibile.

5110111111 110 101110 101 001110 1111011 0111 15. 1111-
11011 10 1111011 1011100111, 1011111010110011 10011111
100 011101110 11 0111111111 0111 101 quando 1 1111101111
11111101 100111, 110000 1101011, 1 111 1010010101010 0111
1111110111 01111 1111011101 01111010 11 01100 1 11100 110·
01110110 1111111011 100100011, 11 10111011000 01111 11 001110
0110 1101111010, 0011111110 00111111101110111111110011101011
0111111000 0111 (111111 0100111 11 000 quando 11010 ohe
V. S. 1 1010111111, 001111 111011 vomi 0011111 110111111-
1111111 guvernare 000 10111001111111101011, 0111 011 10111
0011111111. 01111 11001111110111 11 8101011 11110 d· 0001 0011,
0010111 11011 11 110 1011110001 10111001100111. 10 01010
011110 0001 01010 101 011 01100111 011011, 001 1111 11 10
10110111 1011 ha bisogno 11 0011 01 1’ 111111, 1111 000 man·
0111110011 11111111 11 1010110 1111 0011111101 1011010 11001-
1111010, 00010101 11 001110 101110,1 011011 1101110 8100001
011 11 101 1111111111 110111, e 1000 1111 011000111111101
11011 011111; 1 011 110111 10110 00011 1111Ιο111010 insieme

100 1011111 0110111.

1111011111. - 1181611, Pur. Ι, Τ. ss, num

..ῥα

 

