6 mmm 11111110

1111111111 111 1111111111 11111111111111111111111111111-
11111111, 1111111 11 1111111111111 1111111111111111111111111111
11111111111111, 11 111 1111 111 1111111111111111111111111
111111111,111111111111 11 1111111111111 11 1111111111 1111111-
11111 1 per 111111111111111111 1 quanto sopra 111 11 11111111
ΙΙ 811111111111111 (1),11 11111111111111111111 Ι1 mani.

(1111111111111111 11111111111111111111111111111μ1111 111 11111-
1111111111111, 1111111111 11 1111111111 1111111 11111111, 1111111 piu 11111
1111111111111111 11 1111111,11111111 111 1111,111111111111 1111111111 11
11111111,11111111111’111111111111111,1111111111,111111111111111111111
1111111111111.111111’111111111111111111111111111111. ’

-fflt--u

uouslonon elmon

1111111111 Luqtio 1621 (1)

(Α 11111111]

11111111 11111 nomina 11111111 11 8131111111 111 Brevi.

1111111 111111111111 nlla lunga, 111 11111111 occupa·
11111 1111111111111111 1111 1111111111 111· 11 [1111111111
1111 11111 1111111111 111111111111111111111111 11 Sua San·
1111 111 1· 1111111111 111111 811111111111111111 (2). Socho
V. S. 111111 111ςηὶ [1111111111 1111 111111111111 oem-
1111111111111111111111111 servitiu, 1111 devo 111· 1111111111
11111111 1111111, 1 1111 grandem 11111 111 11111111.

(111111111-1188.1111., Ρ11. Ι, Τ. 1111111111.
(1111 1111111111 111 111111111 quom 11111111111 11111 dopo 11 11111111
111 111111111 XV, 111111111111 111 1111111111111111111111111111111111111

11111111 1111111 1111111111, amicissimo 111111 1111111111 1111111111 1111111

1111Ιῖ hpmpassh‘niumo 11 11111111,111111111111111111111,11111111111
1111 111 11.

*—

 

