1111111 1101111110

DELLE LE'ITERE 1011111111111 PRESENTE voum

(muminoemmwlelwmdmmmfimffllssw)

-ψ-

111111111ύά1 .......... 11 (11111111 1111 (11111) 111. 1
(1111111111111 .......... lumin 1 (1111111) 1 1
virginio (11111111 ......... 11 (111111 1 1 1 1
1111111111 (1111111111 ........ 1111111 1 n 1 1
1111111111 (11111111 ........ 17 1 1 1 1 7
11111111111 (111111111 ....... 11 1 1 1 1 1
1111111111 (1111111111 ........ 1111111111. 1 1 1 11
1 1 ....... 1111111111. 1 1 1 11
rederico (1111 ........... 11111111. 1 1 1 11
1111111111 (11111111 ......... 11 (11111111 1111 1 1 11
1111111111 (1111111111 ........ 11 1 1 1 1 11
1111111101111111 ......... 71111111 1 1 1 17
1 1 ......... 11 octobre 1 (edita) 1 11
cesarem 11 0111 ......... 11 necem. 1 1 n 10
federico (1111 ........... 17 o 1 (inedita) 1 111
virginio (11111111 ......... 11 (1111111 1111 1 1 11
1 1 ......... 1111111111 1 (edita) 1 15
1 1 ......... 10 111111 1 (inedita) 1 11
Pedaion 1111 ........... Primum 1 (edita) 1 ¹⁸
Suor (1111111 (1111111 ........ 10 1111111 1 (11111111) 1 11
1111111111 (1111111111 ........ 11 1 1 1 1 10
1181111111111111111111111111. . . . 11 (111111 1 1 1 11,
1111 (1111111 (1111111 ........ 10 131111

1 1 ........ 11 1

1 1 ........ 17 1
1111111111 0111111111 ........ 11 1
curlo liutwini .......... 1 1111111.

Ι 11
1 1
1 1
1
11
1111111111 (1111111111 ........ 11 1 1
1
1
1
1
1

(edua)
(11111111)

111111κ1811111111 ........ 10 1
1111111111 1111111111 ........ 11 0111111
'tommano 1111111111 ....... '. 11 1
111111111111 ........... 11 1

&gaziata-3288

virginio (11111111 ......... 11 1

1111111111 Stellati ......... ' 11111111. 1
Sunt (1111111 (1111111 ........ 11 1 1 1
virginio Gemini ......... n 1 1 (odila) 1

11
11
11

2⁵.

 

