11111 1111 133

111 00 111 1111111111 1111 nuper 110, ergo 1111111111. 1111111100
super OC 111 excessu· 011 11111110,111111111111111110 11111011
1111111111 1111 nuper 11ος 1111 excessu· 00 nuper OC 111 tequa-
111 uocaui 011 snper 00111111111111111,1111101111111111110
super 0ss 111 aequans 11111111 1111 nuper 110. ergo 11 supra 111·
1111111111 HR 11111 1101111 aequalem 110 com 011, 1111111111 1111
1111111 11111 SR, 110, 11 110 1111111 11111 801111111011,11111111
angulus 111 R 1111111111111 11111111111111111111 ος ergo 11111
reeta 11111 80 111 producta 111 11 11, 111111 opus 1111, quod 11·
1111 1111111111 <

SECONDA omosrluzlonss

111111 111 1111111111 111 111 1111 servito 1 V. S. E. 111111111 111
m 11 mio desiderio, 1111 111 1111111111 1111111111 11 0111111111 11
mo 11111 1111111111111111111111111111111 (11111 podagra, 11·
conponunt! 111 1111111111, 1111 1111 111 pub 1111111111 11 11111
lm 11111111 11 solutione 11111 1111 111 bisogno. 11 111 plimon
11111111111111111 1111111111111 111 1111111 1111 bisogno. 111
1111111111111 11111111 111111 1111111111 solutione 111111 111 111111
o 111 111 11111. 111111111111111111 111, 1111 111 11111111, 111 11
ha 11111111 11111111111111111111111111 11 1111111111 1111111111
mnu 11 111 quesite), 11 11111 111111 111 11 1111111111 111
1111111 111 questi 1111111.

1111111111 1111111111 negare 1111 11 11, 11111 11 SO 11), 11111
(111111111111 11111111 1111111 quel punto 111 1111111111 11111 00, ,

1111111111 stato 11 11111111 1111111111111111 1111111 1111111 111,
111 1111011111 111 11111111 111 11101 1111111 (11 1111111 111 questa

111, eho 11111 11111 111 posia, 11111 1111111111ᾱί 1111111, 1111111·
1111111 1111111111 11 0011111 11111111111,111111 111 [11111111111
11 11 111 punt} c, 11111111 1111111111111111111111111111111 011,
miv· 11111111111111 111 qual 11111 1111111 1111111111 11 11111
11111,11111111111 1111111 1111 punto S 111 11111111111111111111
guenti 1 11111111111111111111111 1111111111 OB, 11 quella 11111111
1111 1111111 Τ, 1111111111111 1111111111, 1 11 11111 Tunc ml 111-
1111111 11 punto C.

0111111111 UT. 1111 111111111111 1111 11111111 OT, 1111111111 ’

111 111 1111111111, 111 1111 1111 suppia 11 111111111111111,11111

11) Figura 5.
(1111111 11111111 - Τ. lx. :w

 

