236 1011000 A 0011100

00001101 quadrato AB, 0010100000 100011 100 1000, 0 001010 00010 Ao
00 AT, 0001 Aoo 00 000.

1101111, 001011011 1011000010 00110 0111, 01οο00000 01 111 so

010 110 (0110 010 IN), 0 000010 01 00001010 BA, 001010 quest! 001·

, 100οο11 sono 00010 quoi quadrati, 0100 00100 1110 00 0110 oa 1000,
0 001010 10 0110010, 0100 00111 0000001 111, AT 0000 1000011110 loro:
0100010010010 0111011000 001 problema.

· Doto 000000 10 80 (1), 0110 000 10 101010000ῑο 00 00010000
1000010 011000 800, 01010000010010 00 0 80 verso 0 100000110·
100010, 0 0101100010 000 0 11101000 10 1111 00100001001000 0110 80,
1000110110100010001 01 000 0 01 10 0000011ος 01001001 0110108
00000100 10 00100001001010 811 0110 011, 0 00010 0 11 quadrato 811 01
00001010 80 ,1 0001 faremo 10 sommo 8011 0011010 00 10101110 0110 010
,1, 0 01 Α 0 08 0000001000 Ιο 10000 proportionale 1010000Ιο d· Δ,
00110 10010001101100000100001110100010 000010 10 011, 0100000
00118, 010110 0010 0118 000010 00 Α, 0 001010 0010 come 11000·
01010 81101 quadro 80, 0001 8011 00 8011, 0 000010 18 00000011
0000100010 XO 00010 80 10 011. 111101 001008 10 811 000 1’ 00·
00101180 0011010 0110000111 11, 0110 0001111001ωο110 10 11, 0
110 0 000 11 00000100000010 110101 10 110, 0110100001οί 80 010
00110 10 0, 0 001 0 01 1111 10 00100ηο1001οι0 0110 011, 0100 DC, 0110
1’ 10000111 10 C, 0010 0100 c 1100010 0110010000ος 0010110 ΙΙ 11100·
0010 080 0 0110110 01 10100οο10 0118, 0011010010 000 00 0180
000010 10100000 01 110 00010 OC 0000 000010 0110000000 01011
00 110, 0 001010 10 00, (10 0010000 000011 0110 1100, 0 0000 011.
011 10 100010 000000010, 0000110 0118 0 000010 10110, 000000011
111000010 0118 0110110 0 0110 000 1’ 000010 1100 comune, 0 11 000
11110, 0811 0011011 000 0001100100οε adunque 010 trovato 11 prototo
00010 C, il 0110 00.

11 0001000 0010010010 01 questa non 0 100110 0111010010 00
000110 01 0001101110, 0110 peroio tomo 000 11 0000 soporatione.
00 10100 001111 000 000010 0010011010 11 0110010010; 0 0010110 ln·
000000001011 0110 pensiero, 01000 0110 1011010 00000 tuno 00
questo, 0100 001 supporto 0110 0010 001 00001010 11 101000010 0811,

0110 110 001011 1010 08 0 1000010 8011, 01000 000000 0011 011 01·
101 1011811, 110, 1110110001 000 00001001 0100100010οί0 10 000000-
11000 00111 000111 011000οω100 10010100 00 0001 0000110 0010 001
, 0001000ωωὶ000 0100100111 10 1010101 100 se 01 possa 0110 quanto

(11110010 1.

 

