11110 reor 1131

0110 0100101000 0000011100, cbo abbiamo nollzia delli 1100 1011 011,
118, 01010 10100001011 10, 0 perclo 01010 010 000010 mla 0010-
01000 000 quell’ 01110 000 ol 110 110110 101 00010 C preolaameole‚
00 ooo 000010 1110 0000001111 10110 110001110 geometrica: 110010 obe
almeoo par i 0001 10 00111111101010.

10 000001 00 001010 10 01110 10010 01111010 0110001011000,
ma 1111010 011 001 lanto 10000 0010001100 (o pur 1 10 0000110111

010101011010110101000000), obe noo 00 00000 001010 010000 ·

000100000ωο 11 110110; 0 0010 011011 1000110 01 1111000 0110 1010
1011011000118,001010 000010 0110 1010 1011000010, 101001000
101 11 11000000 0110 11000 10110, 0000 001 011οΧ01 00000 0011110 001
10 0100000011 10111 0000101000 10110 1010 proportione (lolli 01011
0110 001110. 000010 eoae 1100 00000100000 0110101011011010110, ma
00111111οἰ0 001010 0 001111 11 1100.Ι ι1001 111111 0111, 0011010
0110110 1010110 11 00010 001 1110000103011,101000111010 10 08
010000108011,1100 obe noo abbiamo 0010 00 000 per 000100-
010100100010011, RS, obe 001 problema mandaloll neanoo ml par
11 11001101011101101000100000 problema 00110 forma ob' 0110 1100
01101110 manepplato. supponendo ll 00010 C 0100001011110·
10011000 1100010 1, coma 001 101 ancora 0000000 1100010 11 non
00001101010100101110 10 [11 aella 01, ae 1000010101100-
010 olea ob’ 10 10 1100110 (licendo 0110000010 11 problema 10000
01010111 101 10001010, 10 101010 111011οω00ῑο 1100101ος 01 010 00000
sperare 010110100οο 1100 11 questo obe 0100010 1111011010οη10 10110
11010 08 0 11110101011 000101,0 ob' 0110 001 10100110 001 000100
0110011000001011101111100011 000 ml parebo 010000 001010 111011
000 0000111010 101010 1110 000001101 000 10 01, 0010111 011 ’
01011010 001001000101 problema 01000010 00110 101 1011111010 010
b 00010100 01 000 0001110. lla troppo lorea 101011 011011010Ι 000
10 0010101111 1000110100 1010100 01 00 problema ob’lella 011101 10·
011100100ος 0010 01010 cbo per 011 01010 0000οἰ000 11 compassio·
0010 10 0110101101οιιο 000 0010 ordinaria, ma 0001000101010110
01000010 1010110111, 0110001 10110110 111 01111000 0 101 1111111000 000-
1100000010001 lello (1010 001 0101 10 0011110 questo 100110 000
01 maravlgller'a 00 010 10 quesla 101100) 011010 001111 0000010101
vostra Sigoorla Eecellonllsslma 0110 10 010 000110 000 abbia perso
000010 0000110011111 vigorosi 1101 0001000000, 0110 110000 10110
0110101 0001001000 10 010101101ἱο 101 000110 secolo.

..Φ-

 

